443
256
22
554
113
445
3306
110
1025
587
1723
1723
587
1025
110
3306
445
113
554
22
256
5900
23
143
443
80
8888
21
111
995
135
199
993
8080
25
1720
53
3389
139
254
465
16000
27715
21571
3920
2998
1064
1043
1147
44442
1216
20000
3878
1121
1149
1105
616
1113
5033
20031
543
1078
4343
109
10009
995
111
21
8888
143
23
5900
135
139
3389
53
1720
25
8080
993
199
1121
3878
20000
1216
44442
1147
1043
1064
2998
3920
21571
27715
16000
465
254
10009
109
4343
1078
543
20031
5033
1113
616
1105
1149
7402
5222
3517
3800
8649
3211
79
1034
636
211
1038
1218
9110
1031
5963
15003
3077
3998
1500
10000
5009
1056
3367
88
1259
4
5002
1580
1094
6101
2065
2100
5051
683
2608
8088
6668
6547
1022
19801
12345
5030
3211
8649
3800
3517
5222
7402
1034
79
5963
1031
9110
1218
1038
211
636
1580
5002
4
1259
88
3367
1056
5009
10000
1500
3998
3077
15003
12345
19801
1022
6547
6668
8088
2608
683
5051
2100
2065
6101
1094
5030
1063
1755
8084
1999
3828
2260
3814
1
2366
4242
1974
32774
16113
1309
4005
3737
1074
52822
3580
2144
4001
5815
50000
6788
5822
146
8291
1092
3031
49
1130
60020
9091
16018
56738
7512
1311
1138
1086
10628
6123
7103
2260
3828
1999
8084
1755
1063
1
3814
4242
2366
4005
1309
16113
32774
1974
50000
5815
4001
2144
3580
52822
1074
3737
1092
8291
146
5822
6788
16018
9091
60020
1130
49
3031
7103
6123
10628
1086
1138
1311
7512
56738
3324
24800
32783
5214
1102
783
1213
5269
443
9415
8873
4446
3995
12000
6009
17
3971
8600
2135
2288
4567
11111
1152
8194
1700
13783
6389
5877
10012
2399
1090
2383
1085
1039
1524
8300
9011
2601
5986
5988
1097
9929
1864
1217
13722
9009
687
5999
49176
56737
2717
8899
8000
4000
5269
1213
783
1102
5214
32783
24800
3324
3659
16993
9917
6005
2005
1328
3221
1058
30000
26
593
50002
3128
3333
1717
1272
1023
10025
1072
4445
2046
2004
9415
8873
12000
3995
4446
1152
11111
4567
2288
2135
8600
3971
17
6009
1700
8194
2383
1090
2399
10012
5877
6389
13783
4000
8000
8899
2717
56737
49176
5999
687
9009
13722
1217
1864
9929
1097
5988
5986
2601
9011
8300
1524
1039
1085
3221
1328
2005
6005
9917
16993
3659
1123
50389
1010
1666
4899
2020
5190
8402
2004
2046
4445
1072
10025
1023
1272
1717
3333
3128
50002
593
26
30000
1058
1761
31038
8099
57294
5414
2607
10082
5431
1174
1111
8333
3404
1503
259
9898
70
20005
16016
5100
2103
7676
3918
1199
5004
3986
8652
64680
800
9575
2602
7201
2522
61900
2725
55055
1051
50300
1839
6000
4279
10621
2394
2718
81
1046
10243
873
2002
10778
27356
8402
5190
2020
4899
1666
1010
50389
1123
3322
912
30718
406
3003
1417
2043
5414
57294
8099
31038
1761
3071
617
3905
1301
981
63331
15002
2099
8443
7443
259
1503
3404
8333
1111
1174
5431
10082
2607
9575
800
64680
8652
3986
5004
1199
3918
7676
2103
5100
16016
20005
70
9898
1046
81
2718
2394
10621
4279
6000
1839
50300
1051
55055
2725
61900
2522
7201
2602
27356
10778
2002
873
10243
17988
427
1132
264
2043
1417
3003
406
30718
912
3322
9001
2105
4321
1461
631
5862
5566
3390
6881
7443
8443
2099
15002
63331
981
1301
3905
617
3071
5802
1106
65389
32777
26214
7777
2710
5357
2068
1028
1201
32784
6006
9207
49175
1114
43
7741
222
32768
1089
1641
9500
3871
11967
64623
14441
366
5225
31337
9877
2047
714
32776
49152
1236
2170
417
1093
2323
6881
3390
5566
5862
631
1461
4321
2105
9001
264
1132
427
17988
1971
1248
40193
24
83
5901
34573
5666
6789
6002
2251
990
65389
1106
5802
3801
2160
25734
1030
1455
9090
49161
1244
5679
8500
5357
2710
7777
26214
32777
49175
9207
6006
32784
1201
1028
2068
3871
9500
1641
1089
32768
222
7741
43
1114
11967
31337
5225
366
14441
64623
417
2170
1236
49152
32776
714
2047
9877
2323
1093
4125
6792
7070
1119
2161
15004
8500
5679
1244
49161
9090
1455
1030
25734
2160
3801
990
2251
6002
6789
5666
34573
5901
83
24
40193
1248
1971
8090
1151
84
7002
8994
4224
6129
1862
5003
8011
901
3371
1687
5911
1443
1110
7920
6646
7025
1594
12174
888
6106
5989
1070
4003
6692
23502
3826
19101
301
902
1117
1148
1041
9618
5825
2049
20
700
9666
8222
5902
4002
999
49159
1119
7070
6792
4125
6004
15004
2161
443
1071
3030
500
6129
4224
8994
7002
84
1151
8090
8007
18988
5801
5221
9002
3827
6100
1721
1009
2111
1045
58080
49165
49153
1066
32769
5998
18101
5825
9618
1041
1148
1117
902
301
19101
3826
23502
6692
4003
1070
5989
6106
888
12174
1594
7025
6646
7920
1110
1443
5911
1687
3371
901
8011
5003
1862
3300
1998
7106
49159
999
4002
5902
8222
9666
700
20
2049
1271
85
500
3030
1071
6004
99
1079
1984
89
9071
6100
3827
9002
5221
5801
18988
8007
2126
1061
1521
1972
163
2107
18101
5998
32769
1066
49153
49165
58080
1045
2111
1009
1721
5200
8200
144
5060
82
49167
407
10629
255
3703
1310
9101
5985
125
3880
2638
8031
7100
7106
1998
3300
1914
48080
13456
2048
1040
4126
33899
2875
6025
9944
3372
2605
1658
85
1271
1166
5925
2702
3869
1131
9003
8181
705
9071
89
1984
1079
99
1091
9102
1055
10566
2107
163
1972
1521
1061
2126
1084
8800
7200
1782
9050
6567
2009
49167
82
5060
144
8200
5200
10024
787
3914
8001
5510
1185
720
10626
2000
8400
2401
7100
8031
2638
3880
125
5985
9101
1310
3703
255
10629
407
30951
2042
1166
1658
2605
3372
9944
6025
2875
33899
4126
1040
2048
13456
48080
1914
9593
1187
524
705
8181
9003
1131
3869
2702
5925
61532
49157
416
2009
6567
9050
1782
7200
8800
1084
10566
1055
9102
1091
513
3268
3551
1183
9485
35500
14238
7921
2401
8400
2000
10626
720
1185
5510
8001
3914
787
10024
1053
1556
9200
1042
512
5904
6502
16012
911
4111
2042
30951
1163
1805
2809
646
6543
1322
1099
8009
903
3269
27355
306
9900
1104
9999
2909
726
5440
5432
524
1187
9593
50001
8085
1076
6839
666
61532
2492
1122
1247
3052
3476
416
49157
15000
3001
5500
10001
25735
544
9485
1183
3551
3268
513
1100
1029
1277
2800
2811
7921
14238
35500
3546
4662
16012
6502
5904
512
1042
9200
1556
1053
8086
9220
1875
1077
8082
8081
8100
4006
2121
1104
9900
306
27355
3269
903
8009
1099
1322
6543
646
2809
1805
1163
4111
911
2003
8010
3476
3052
1247
1122
2492
666
6839
1076
8085
50001
5432
5440
726
2909
9999
6007
52673
1052
106
1234
32780
10001
5500
3001
15000
544
25735
34572
8042
1032
8383
2811
2800
1277
1029
1100
5800
119
987
5102
1875
9220
8086
4662
3546
32771
311
161
8290
1044
49160
10003
6059
2121
4006
8100
8081
8082
1077
515
32770
8180
898
19283
464
6001
5678
1069
8654
8010
2003
992
1059
711
7937
2393
3527
52673
6007
2525
5001
1054
2382
2010
2041
2038
3260
5061
8254
2034
30
3370
50800
49154
8383
1032
8042
34572
32780
1234
106
1052
514
8002
5960
4998
3851
1000
9998
3889
1583
5102
987
119
5800
5631
57797
2869
1300
1082
11110
6059
10003
49160
1044
8290
161
311
32771
6667
5962
1124
7999
711
1059
992
8654
1069
5678
6001
464
19283
898
8180
32770
515
1719
545
1047
5226
19315
5001
2525
3527
2393
7937
5987
9595
2034
8254
5061
3260
2038
2041
2010
2382
1054
50800
3370
30
49154
65000
1096
1065
1175
1000
3851
4998
5960
8002
514
5910
2301
2604
497
1583
3889
9998
1533
11110
1082
1300
2869
57797
5631
1164
2119
19
55056
1080
1088
7999
1124
5962
6667
5050
65129
5120
6156
8192
6689
443
5226
1047
545
1719
50636
1812
1112
10180
843
5810
7627
15660
6779
5730
18040
9595
5987
19315
2190
1433
9000
9968
458
2022
19350
10004
44176
49155
1145
3301
5633
8087
1165
5405
2030
2001
33354
625
1175
1065
1096
65000
7911
497
2604
2301
5910
3493
5544
765
1002
4444
1198
1533
1718
32782
1352
1088
1080
55056
19
2119
1164
6669
3011
32785
9290
2179
8021
8192
6156
5120
65129
5050
1050
9103
1049
90
6689
32781
425
18040
5730
6779
15660
7627
5810
843
10180
1112
1812
50636
32
20221
10004
19350
2022
458
9968
9000
1433
2190
3325
1021
808
625
33354
2001
2030
5405
1165
8087
5633
3301
1145
49155
44176
7911
3690
6
7625
38292
1198
4444
1002
765
5544
3493
5718
340
28201
1494
8021
2179
9290
32785
3011
6669
1352
32782
1718
10010
2500
22939
4443
20222
32773
648
90
1049
9103
1050
1935
51493
1600
2013
2035
4900
425
32781
20221
32
8193
44501
100
8008
1334
1024
2021
5550
32779
55600
2910
808
1021
3325
9010
2196
667
9
1001
5000
9111
668
54045
548
12265
3261
8651
27352
555
5903
6566
1098
1840
444
38292
7625
6
3690
17877
2008
1233
6901
1060
9594
50006
1494
28201
340
5718
20222
4443
22939
2500
10010
5087
4848
49400
1154
1033
13
5952
5959
2045
4900
2035
2013
1600
51493
1935
648
32773
4449
1057
8089
3
32779
5550
2021
1024
1334
8008
100
44501
8193
7778
2007
6346
42510
668
9111
5000
1001
9
667
2196
9010
2910
55600
2381
1296
32775
17877
444
1840
1098
6566
5903
555
27352
8651
3261
12265
548
54045
1048
51103
1073
5054
50006
9594
1060
6901
1233
2008
49999
32778
280
2191
4848
5087
6699
1108
49158
10616
7001
2045
5959
5952
13
1033
1154
49400
3
8089
1057
4449
8045
44443
1192
16080
1081
6510
5859
55555
6346
2007
7778
1186
52848
1783
9080
3809
2968
1011
13782
1688
42510
6112
1434
1107
9418
5907
7019
5850
8701
1068
4550
32775
1296
2381
1947
1073
51103
1048
2200
5961
5922
1067
541
60443
3005
8022
1137
3006
41511
5811
7001
10616
49158
1108
6699
2191
280
32778
49999
5054
9040
16001
8093
2701
5915
9502
3283
5560
1192
44443
8045
722
5298
1036
2040
33
1027
49163
1126
3689
3017
10617
1688
13782
1011
2968
3809
9080
1783
52848
1186
55555
5859
6510
1081
16080
1087
9503
5101
1947
4550
1068
8701
5850
7019
5907
9418
1107
1434
6112
49156
7435
212
45100
5922
5961
2200
2920
1801
9099
3005
60443
541
1067
5811
41511
3006
1137
8022
8083
8292
9081
50003
14442
7800
1037
1036
5298
722
5560
3283
9502
5915
2701
8093
16001
9040
4045
9876
3323
801
2006
6565
10617
3017
3689
1126
49163
1027
33
2040
42
7000
4129
777
1062
15742
3766
19780
1169
2106
1026
6003
1863
3784
9099
1801
2920
45100
212
7435
49156
5101
9503
1087
6580
4004
749
3168
7
5280
481
7938
62078
54328
563
3000
50500
9878
2557
1037
7800
14442
50003
9081
8292
8083
1075
5555
1095
3945
1083
27000
9535
7004
3323
9876
4045
14000
9943
7007
2967
1035
19842
179
10002
880
6666
5906
6565
2006
801
7496
1007
5950
900
1141
389
27353
3369
1026
2106
1169
19780
3766
15742
1062
777
4129
7000
42
443
3784
1863
481
5280
7
3168
749
4004
6580
6003
5080
16992
6969
691
24444
52869
32772
2222
1501
7004
9535
27000
1083
3945
1095
5555
1075
2557
9878
50500
3000
563
54328
62078
7938
20828
3351
2033
37
1900
40911
9100
34571
1287
3369
27353
389
1141
900
5950
1007
7496
5906
6666
880
10002
179
19842
1035
2967
7007
9943
14000
10215
691
6969
16992
5080
1501
2222
32772
52869
24444
20828
1287
34571
9100
40911
1900
37
2033
3351
10215
443
443
199
443
8080
554
993
256
995
25
23
5900
3389
53
53
3389
5900
23
25
995
256
993
554
8080
199
443
445
1723
8888
139
143
3306
110
1025
587
135
111
80
22
1720
113
21
705
6006
19
2401
2604
3889
65389
5986
1113
2601
30718
8222
1145
427
5985
3918
2135
13782
27000
7019
514
23502
4045
9878
49999
18101
1151
1079
60020
8654
306
49
1069
389
10566
617
1717
1075
54328
2033
1723
445
3306
143
139
8888
135
587
1025
110
6006
705
21
113
1720
22
111
3889
2604
2401
19
427
1145
8222
30718
2601
1113
5986
65389
1151
18101
49999
9878
4045
23502
514
7019
27000
13782
2135
3918
5985
2033
54328
1075
1717
617
10566
389
1069
49
306
8654
60020
1079
3580
2009
51493
4001
32774
3351
27352
62078
1688
563
40193
5902
5631
668
8002
16018
1047
222
1641
1163
32773
20221
2200
19801
7777
1259
1521
50003
3404
6112
1055
3766
5987
2967
4279
2522
1121
543
1114
3011
24800
2381
1088
30951
2500
1039
1309
4848
5087
1801
9207
2009
3580
6839
1106
2910
5000
62078
27352
3351
32774
4001
51493
1688
1047
16018
8002
668
5631
5902
40193
563
2200
20221
32773
1163
1641
222
5987
3766
1055
6112
3404
50003
1521
1259
7777
19801
9207
1801
5087
4848
1309
1039
2500
30951
1088
2381
24800
3011
1114
543
1121
2522
4279
2967
5000
2910
1106
6839
1105
30000
7800
2366
1038
5633
3369
631
6004
43
7496
7911
3880
1117
6510
3322
6000
1147
9943
65000
5030
987
57294
548
56737
2998
8180
12345
1036
2068
106
1138
8000
3269
5989
1081
10243
4005
722
89
30000
1105
42
81
8008
9040
5961
6689
1099
2008
1095
1076
1137
1074
5815
3690
2040
631
3369
5633
1038
2366
7800
6004
1117
3880
7911
7496
43
6000
3322
6510
57294
987
5030
65000
9943
1147
2068
1036
12345
8180
2998
56737
548
8000
1138
106
5989
3269
89
722
4005
10243
1081
5961
9040
8008
81
42
49167
2000
2040
3690
5815
1074
1137
1076
1095
2008
1099
6689
1166
2710
2021
32785
9418
1077
1028
1130
2920
2800
311
32775
5550
800
1112
9101
27355
2144
5801
5963
2701
3986
1322
13722
16113
6502
9000
5998
1067
3017
49158
1132
2003
1700
2007
27353
4125
11110
2000
49167
84
1718
20005
14442
5080
32769
50389
443
1494
3814
1233
8192
7007
7103
7402
1028
1077
9418
32785
2021
2710
1166
2800
2920
1130
1112
800
5550
32775
311
777
9999
3071
32781
50636
5101
44442
5903
1433
1042
1031
7201
8082
8009
7999
1056
5120
2003
1132
49158
3017
1067
5998
9000
6502
16113
13722
1322
3986
2701
5963
5801
2144
27355
9101
85
7402
7103
7007
8192
1233
3814
1494
50389
32769
5080
14442
20005
1718
84
11110
4125
27353
2007
1700
1066
1052
9917
1037
1503
6025
2013
44501
1007
1087
9290
2100
12174
7778
1090
9009
19283
2099
5877
8009
8082
7201
1031
1042
1433
5903
44442
5101
50636
32781
3071
9999
777
5988
5120
1056
7999
8011
8087
9110
1301
119
5226
2126
666
5911
5051
3003
42510
5825
52673
85
32
30
32780
901
33899
70
6389
9618
2222
515
1805
11111
2260
2105
3324
4444
5001
873
7200
1503
1037
9917
1052
1066
13783
83
8084
1175
12174
2100
9290
1087
1007
44501
2013
6025
5877
2099
19283
9009
1090
7778
8010
3261
687
3372
593
5862
5280
9876
1501
1000
8099
1301
9110
8087
8011
5988
14000
1108
9415
3784
407
10025
52673
5825
42510
3003
5051
5911
666
2126
5226
119
515
2222
9618
6389
70
33899
901
32780
30
32
9929
7200
873
5001
4444
3324
2105
2260
11111
1805
1175
8084
83
13783
3370
8800
1062
49156
5915
9100
54045
1045
1666
7106
1186
1201
22939
3367
9944
5440
1033
3300
714
8099
1000
1501
9876
5280
5862
593
3372
687
3261
8010
10025
407
3784
9415
1108
14000
32777
3800
5510
16992
5061
3001
1999
7938
4242
5357
5004
2045
1021
1580
5952
1169
5962
32768
2047
15002
3211
57797
10629
5666
545
9929
888
32776
5922
3493
1024
8021
32784
4550
465
1864
8083
52869
1045
54045
9100
5915
49156
1062
8800
3370
7
3300
1033
5440
9944
3367
22939
1201
1186
7106
1666
714
1218
12265
50002
2020
7625
8086
6129
8022
2034
3077
3851
720
4900
1043
7025
16993
1500
5061
16992
5510
3800
32777
5004
5357
4242
7938
1999
3001
5666
10629
57797
3211
15002
2047
32768
5962
1169
5952
1580
1021
2045
52869
8083
1864
465
4550
32784
8021
1024
3493
5922
32776
888
545
5950
7
8093
6692
10000
5999
1049
1040
6007
7741
5003
10002
2035
1862
1080
37
88
1104
1044
1073
4900
720
3851
3077
2034
8022
6129
8086
7625
2020
50002
12265
1218
1093
1500
16993
7025
1043
10010
49165
50800
1272
8085
5225
3221
5060
50006
8333
2608
45100
49160
1839
8200
1812
4000
5910
2043
3030
25735
9200
9090
912
10082
6881
880
2065
10628
6667
9900
2119
2111
3809
1234
1556
3301
8093
5950
5850
88
37
1080
1862
2035
10002
5003
7741
6007
1040
1049
5999
10000
6692
1073
1044
1104
1085
32770
1093
1192
636
4002
8500
425
4006
2179
616
4343
61532
8649
5060
3221
5225
8085
1272
50800
49165
10010
9081
5221
1761
2725
2043
5910
4000
1812
8200
1839
49160
45100
2608
8333
50006
443
2111
2119
9900
6667
10628
2065
880
6881
10082
912
9090
9200
25735
5850
3301
1556
1234
3809
3030
1199
902
179
3920
2160
125
4224
8649
61532
4343
616
2179
4006
425
8500
4002
636
1192
32770
1085
9001
464
2001
49155
700
1455
444
9535
1054
19101
1091
6779
8994
1046
17877
2725
1761
5221
9081
280
9
1417
3914
16080
416
2875
15003
100
9998
7443
1594
1213
5200
18988
8400
990
1110
1198
8899
8701
26
7001
79
1098
8081
524
8045
109
9091
8291
3971
6901
55555
6646
4224
125
2160
3920
179
902
1199
6566
49163
4998
1057
5222
61900
1461
3128
1434
8090
33354
3000
20828
1054
9535
444
1455
700
49155
2001
464
9001
50300
40911
8651
15003
2875
416
16080
3914
1417
9
280
17877
1046
8994
6779
1091
19101
32772
19315
1311
17
7001
26
8701
8899
1198
1110
990
8400
18988
5200
1213
1594
7443
9998
100
1434
3128
1461
61900
5222
1057
4998
49163
6566
6646
55555
6901
3971
8291
9091
109
8045
524
8081
1098
79
8873
49161
1053
1060
1027
8300
1183
8651
40911
50300
20828
3000
33354
8090
1034
1840
16001
28201
5811
2968
3031
2638
1248
5679
4443
1984
2602
264
19350
50500
8088
5959
3333
1051
1443
17
1311
19315
32772
8402
1947
541
1123
1023
5009
1583
1524
340
1328
1187
10621
992
8600
14238
9502
5544
1658
7921
3737
8873
1032
13456
3476
2251
6543
10617
1065
8007
625
6792
2394
3323
5560
1124
3801
51103
1083
5500
1183
8300
1027
1060
1053
49161
3268
3260
28201
16001
1840
1034
44443
5298
1122
99
1059
3333
5959
8088
50500
19350
264
2602
1984
4443
5679
1248
2638
3031
2968
5811
541
1947
8402
1443
1051
10180
55056
5190
3689
3737
7921
1658
5544
9502
14238
8600
992
10621
1187
1328
340
1524
1583
5009
1023
1123
5560
3323
2394
6792
625
8007
1065
10617
6543
2251
3476
13456
1032
1030
3260
3268
5500
1083
51103
3801
1124
2006
1755
49159
783
41511
15004
1719
1059
99
1122
5298
44443
5214
4129
2190
1126
6106
1009
254
16000
3168
7070
1914
2301
1271
4111
27356
787
1687
2042
3689
5190
55056
10180
3551
648
9003
512
5100
2382
1119
16016
5904
6669
52848
2399
1244
1084
4445
1300
3703
1011
6565
3945
1030
9010
1148
4567
49176
5405
1070
8193
5432
8031
3905
3827
1217
2196
2005
10024
9666
1086
9099
3998
1719
15004
41511
783
49159
1755
2006
1092
6002
4126
9002
7070
3168
16000
254
1009
6106
1126
2190
4129
5214
17988
5102
1165
2121
2042
1687
787
27356
4111
1271
2301
1914
5822
667
3945
6565
1011
3703
1300
4445
1084
1244
2399
52848
6669
5904
16016
1119
2382
5100
512
9003
648
3551
3371
500
3998
9099
1086
9666
10024
2005
2196
1217
3827
3905
8031
5432
8193
1070
5405
49176
4567
1148
9010
1035
34573
9002
4126
6002
1092
2605
3283
10012
10003
691
4662
3546
255
2048
6699
1600
911
3995
19842
2121
1165
5102
17988
6100
900
1972
161
5822
1935
3826
3005
2869
2002
9485
667
52822
1010
1247
49154
6789
301
2004
2030
2323
9594
544
9111
3006
6156
6346
500
3371
10004
33
9050
35500
2492
1107
2383
2161
1533
417
48080
2393
765
34572
5859
19780
1071
1131
2022
2048
255
3546
4662
691
10003
10012
3283
2605
34573
1035
12000
10626
5730
9503
49157
1089
903
21571
8383
52822
9485
2002
2869
3005
3826
1935
161
1972
900
6100
19842
3995
911
1600
6699
211
9593
1072
7920
49400
5050
443
6346
6156
3006
9111
544
9594
2323
2030
2004
301
6789
49154
1247
1010
3325
2022
1131
1071
19780
5859
34572
765
2393
48080
417
1533
2161
2383
1107
2492
35500
9050
33
10004
8383
21571
903
1089
49157
9503
5730
10626
12000
49152
5678
3
1078
2809
5810
9102
4004
6788
6001
3878
5901
7004
1001
5050
49400
7920
1072
9593
211
8100
497
15000
8181
5800
6666
2107
212
406
25734
9080
1164
1048
1310
8290
1782
9071
1185
1058
3325
1721
9103
1111
32782
55055
2170
26214
1050
2041
58080
3828
9011
32771
1094
711
10778
2046
1041
5718
259
49153
44176
7002
808
5431
2103
1174
13
8089
1001
7004
5901
3878
6001
6788
4004
9102
5810
2809
1078
3
5678
49152
3871
24
1029
7000
1026
5960
34571
1998
9968
555
6666
5800
8181
15000
497
8100
1096
1102
8194
2702
2909
6580
9103
1721
1058
1185
9071
1782
8290
1310
1048
1164
9080
25734
406
212
2107
6969
1041
2046
10778
711
1094
32771
9011
3828
58080
2041
1050
26214
2170
55055
32782
1111
8089
13
1174
2103
5431
808
7002
44176
49153
259
5718
16012
50001
555
9968
1998
34571
5960
1026
7000
1029
24
3871
32783
20031
20222
1334
11967
1287
10215
1783
7676
8042
6101
1061
90
2525
1277
63331
6580
2909
2702
8194
1102
1096
726
49175
5566
1875
5925
82
9220
3527
1
6
10001
749
15660
8292
7512
1352
481
6969
5414
6009
1149
6668
1002
1236
2607
64623
8001
1296
8443
3659
60443
3517
1141
2038
50001
16012
4446
458
1974
4003
56738
4
2010
31337
8254
55600
9877
1783
10215
1287
11967
1334
20222
20031
32783
7627
981
999
38292
5907
513
2557
4899
32779
683
1352
7512
8292
15660
749
10001
6
1
3527
9220
82
5925
1875
5566
49175
726
63331
1277
2525
90
1061
6101
8042
7676
3390
18040
2191
1900
3052
1216
56738
4003
1974
458
4446
2038
1141
3517
60443
3659
8443
1296
8001
64623
2607
1236
1002
6668
1149
6009
5414
481
64680
2717
31038
981
7627
9877
55600
8254
31337
2010
4
7435
3869
15742
1971
14441
32778
843
144
683
32779
4899
2557
513
5907
38292
999
366
10009
4321
6005
2811
2049
1063
6123
1082
6059
5906
646
898
1152
1097
24444
1022
9595
1064
2288
801
7100
163
1216
3052
1900
2191
18040
3390
1068
20000
5555
146
6547
10616
5054
9575
5269
5033
1100
6003
1154
20
6567
65129
1971
15742
3869
7435
31038
2717
64680
5802
5002
2718
9500
4449
9898
27715
8652
7937
50000
2106
1863
1063
2049
2811
6005
4321
10009
366
144
843
32778
14441
163
7100
801
2288
1064
9595
1022
24444
1097
1152
898
646
5906
6059
1082
6123
65129
6567
20
1154
6003
1100
5033
5269
9575
5054
10616
6547
146
5555
20000
1068
8652
27715
9898
4449
9500
2718
5002
5802
1863
2106
50000
7937
